1728 023700041728 01 00 01 01 01 07 072 100 06 072 100 00 053 100 00 053 100 00996 00996 0000214440 00018 00392 00355 0000010440 01439 00000 00000 0000000000 00000 00000 00000 0000000000 00000 00 00000 00000 00 00 00000 00000 00 00 00000 00000 00 00 00000 00000 00 2016 08 07 18 45 
1730 000001592193 01 00 00 00 01 10 069 100 06 069 100 00 049 100 00 049 100 02256 03198 0000118542 00316 00315 00329 0000011480 01433 00000 00000 0000000000 00000 00000 00000 0000000000 00000 00 00000 00000 00 00 00000 00000 00 00 00000 00000 00 00 00000 00000 00 2016 08 07 18 45 
1732 023700041732 01 00 00 00 01 07 063 100 06 063 100 00 043 100 00 043 100 01632 02640 0000202566 00291 00597 00951 0000017758 01366 00000 00000 0000000000 00000 00000 00000 0000000000 00000 00 00000 00000 00 00 00000 00000 00 00 00000 00000 00 00 00000 00000 00 2016 08 07 18 45 
1733 023700041733 01 00 00 00 01 07 061 100 06 061 100 00 043 100 00 043 100 02136 02718 0000195282 00232 00464 01000 0000015929 01344 00000 00000 0000000000 00000 00000 00000 0000000000 00000 00 00000 00000 00 00 00000 00000 00 00 00000 00000 00 00 00000 00000 00 2016 08 07 18 45 
1736 023700041736 01 00 00 00 01 07 058 100 06 058 100 00 020 100 00 020 100 02370 02922 0000082170 00416 00304 00493 0000006055 01300 00000 00000 0000000000 00000 00000 00000 0000000000 00000 00 00000 00000 00 00 00000 00000 00 00 00000 00000 00 00 00000 00000 00 2016 08 07 18 45 
1738 023700041738 01 00 00 00 01 07 050 100 06 050 100 00 020 100 00 020 100 03744 04080 0000095214 00071 00324 00330 0000003547 01222 00000 00000 0000000000 00000 00000 00000 0000000000 00000 00 00000 00000 00 00 00000 00000 00 00 00000 00000 00 00 00000 00000 00 2016 08 07 18 45 
1739 023700041739 01 00 00 00 01 07 045 100 06 045 100 00 020 100 00 020 100 04284 04638 0000098658 00317 00196 00258 0000004998 01166 00000 00000 0000000000 00000 00000 00000 0000000000 00000 00 00000 00000 00 00 00000 00000 00 00 00000 00000 00 00 00000 00000 00 2016 08 07 18 45 
1740 023700041740 01 00 00 00 01 07 043 100 06 043 100 00 030 100 00 030 100 03840 05058 0000158136 00683 00227 00251 0000003629 01144 00000 00000 0000000000 00000 00000 00000 0000000000 00000 00 00000 00000 00 00 00000 00000 00 00 00000 00000 00 00 00000 00000 00 2016 08 07 18 45 
1741 023700041741 01 00 00 00 01 07 040 100 06 040 100 00 020 100 00 020 100 04812 05352 0000096474 00126 00192 00144 0000001702 01111 00000 00000 0000000000 00000 00000 00000 0000000000 00000 00 00000 00000 00 00 00000 00000 00 00 00000 00000 00 00 00000 00000 00 2016 08 07 18 45 
1743 023700041743 01 00 00 00 01 07 032 100 06 032 100 00 009 100 00 009 100 04734 05934 0000053820 00189 00000 00162 0000000959 01022 00000 00000 0000000000 00000 00000 00000 0000000000 00000 00 00000 00000 00 00 00000 00000 00 00 00000 00000 00 00 00000 00000 00 2016 08 07 18 45 
1744 023700041744 01 00 00 00 01 07 026 100 06 026 100 00 009 100 00 009 100 03972 07380 0000049818 01061 00096 00161 0000000977 00800 00000 00000 0000000000 00000 00000 00000 0000000000 00000 00 00000 00000 00 00 00000 00000 00 00 00000 00000 00 00 00000 00000 00 2016 08 07 18 45 
1745 023700041745 01 00 00 00 01 07 017 100 06 017 100 00 009 100 00 009 100 05742 05994 0000049836 00193 00041 00086 0000000565 00455 00000 00000 0000000000 00000 00000 00000 0000000000 00000 00 00000 00000 00 00 00000 00000 00 00 00000 00000 00 00 00000 00000 00 2016 08 07 18 45 
9999 023700041260 01 00 01 01 01 01 142 100 01 142 100 00 142 100 00 142 100 00000 00000 0000000009 01500 00000 00000 0000000000 01500 00000 00000 0000000000 00000 00000 00000 0000000000 00000 00 00000 00000 00 00 00000 00000 00 00 00000 00000 00 00 00000 00000 00 2016 08 07 18 45 
